     0/499     1.58G   0.07928    0.1047   0.03141    0.2154       365      1376   0.02141   0.04441   0.00413 0.0008467    0.0972    0.4085   0.02978
     1/499     8.88G    0.0688    0.1121   0.02593    0.2069       360      1376    0.3486    0.0943   0.02513  0.007103   0.08443    0.4149   0.02872
     2/499     12.7G   0.06026    0.1154   0.02457    0.2002       339      1376    0.2793    0.1472   0.05617   0.01933   0.07521    0.4078   0.02717
     3/499     12.7G    0.0519    0.1169   0.02242    0.1913       419      1376    0.4241    0.1807   0.08621   0.03854   0.06833    0.3892   0.02663
     4/499     9.55G    0.0478     0.115   0.02016     0.183        51      1376    0.4025    0.2049    0.1241   0.05734   0.06429    0.3908   0.02704
     5/499     9.56G   0.04593    0.1136   0.01839    0.1779       297      1376    0.4156     0.233    0.1542   0.07227   0.06165    0.3869   0.02653
     6/499     9.56G    0.0444     0.112   0.01677    0.1732       139      1376    0.4141    0.2394    0.1704   0.08422   0.06055    0.3873   0.02684
     7/499     9.56G   0.04343    0.1087    0.0159     0.168       153      1376    0.3918    0.2546    0.1974   0.09621   0.05938    0.3873   0.02698
     8/499     9.56G   0.04273    0.1089   0.01502    0.1667       349      1376    0.4428    0.2521    0.2234    0.1105   0.05748    0.3876   0.02729
     9/499     9.56G   0.04214    0.1095   0.01434     0.166       115      1376    0.3344    0.3051    0.2513    0.1269   0.05642    0.3885   0.02673
    10/499     9.56G    0.0413     0.105   0.01377    0.1601       495      1376    0.3734    0.2978    0.2596    0.1322   0.05648    0.3899   0.02625
    11/499     9.56G   0.04106    0.1064   0.01327    0.1608       171      1376    0.3575    0.3192    0.2831    0.1465   0.05552    0.3792   0.02625
    12/499     9.73G   0.04053    0.1055   0.01296    0.1589       238      1376    0.4266    0.3096    0.2948    0.1553   0.05523    0.3746   0.02742
    13/499     9.73G    0.0402    0.1041   0.01271     0.157       204      1376    0.3985    0.3473    0.3096    0.1609   0.05461    0.3754   0.02556
    14/499     9.73G   0.03966    0.1035   0.01216    0.1553       400      1376    0.3952     0.358    0.3177    0.1642   0.05427    0.3749   0.02601
    15/499     12.1G   0.03949    0.1047   0.01207    0.1563       337      1376    0.4105    0.3691    0.3339    0.1776   0.05358    0.3722   0.02571
    16/499     12.1G   0.03913    0.1018   0.01171    0.1526       143      1376     0.402    0.3799    0.3357    0.1801   0.05322    0.3755   0.02596
    17/499     12.1G    0.0387    0.1024   0.01151    0.1526       189      1376    0.4423    0.3645    0.3406    0.1819   0.05302    0.3674    0.0262
    18/499     12.1G   0.03851    0.1011   0.01124    0.1508       220      1376    0.4373    0.3748    0.3446    0.1849   0.05302    0.3683   0.02557
    19/499     12.1G   0.03814    0.1023   0.01124    0.1516       163      1376    0.4322    0.4009    0.3613    0.1951    0.0524    0.3645   0.02607
    20/499     12.1G    0.0381    0.1006   0.01097    0.1497       257      1376    0.4168    0.4108    0.3651     0.198   0.05179    0.3752   0.02603
    21/499     12.1G   0.03781     0.101   0.01079    0.1496       380      1376    0.4773    0.3937    0.3741    0.2023    0.0515    0.3681   0.02583
    22/499     12.1G    0.0375   0.09818   0.01058    0.1463        65      1376    0.4577    0.4064    0.3767    0.2054   0.05088    0.3657   0.02584
    23/499     12.1G   0.03709   0.09866   0.01044    0.1462       158      1376    0.4711    0.4115     0.384     0.209   0.05071    0.3659   0.02598
    24/499     12.1G   0.03704   0.09995   0.01022    0.1472       324      1376    0.4827    0.4042    0.3881    0.2128   0.05023    0.3683   0.02656
    25/499     12.1G   0.03703   0.09971   0.01019    0.1469       310      1376    0.4944    0.4137    0.3987    0.2203   0.04975    0.3651   0.02652
    26/499     12.1G    0.0368    0.1005   0.01004    0.1473       299      1376    0.4662    0.4248    0.3971    0.2197   0.04925    0.3697   0.02616
    27/499     12.1G   0.03674   0.09939  0.009869     0.146        88      1376    0.4793    0.4252    0.4011    0.2214    0.0487    0.3694   0.02586
    28/499     12.1G   0.03648    0.0997  0.009761    0.1459       256      1376    0.4964    0.4215     0.408    0.2254   0.04832    0.3748   0.02647
    29/499     12.1G   0.03649    0.1007  0.009618    0.1468       207      1376    0.5494    0.4033    0.4161    0.2301   0.04781    0.3774   0.02666
    30/499     12.1G   0.03613   0.09855  0.009615    0.1443        79      1376    0.5018    0.4237    0.4148     0.233   0.04724    0.3791   0.02649
    31/499     12.1G   0.03606   0.09992  0.009365    0.1453       211      1376    0.5101    0.4299    0.4231     0.235   0.04688    0.3836   0.02648
    32/499     12.1G   0.03599    0.1006  0.009302    0.1458       375      1376    0.5176    0.4297    0.4236    0.2375   0.04646    0.3855   0.02532
    33/499     12.1G   0.03582   0.09837   0.00917    0.1434       301      1376    0.5108    0.4354    0.4225    0.2377   0.04638    0.3871    0.0261
    34/499     12.1G   0.03581   0.09854  0.009065    0.1434       283      1376    0.4859      0.46    0.4313    0.2396   0.04593    0.3881   0.02626
    35/499     12.1G   0.03565   0.09841   0.00903    0.1431       301      1376     0.498    0.4547    0.4295    0.2411   0.04557     0.391   0.02584
    36/499     12.1G   0.03549   0.09903  0.008938    0.1435       153      1376    0.5037    0.4574    0.4345     0.244   0.04522    0.3883   0.02657
    37/499     12.1G   0.03541   0.09859  0.008975     0.143       206      1376    0.5291    0.4388    0.4364     0.246   0.04504    0.3936    0.0261
    38/499     12.1G   0.03541    0.0975  0.008841    0.1418       653      1376     0.531    0.4422     0.439    0.2471   0.04477    0.3913   0.02636
    39/499     12.1G   0.03525   0.09924   0.00879    0.1433        73      1376    0.5339    0.4452    0.4451    0.2509   0.04465    0.3891   0.02649
    40/499     12.1G   0.03519   0.09813  0.008678     0.142       172      1376    0.5537    0.4427    0.4487    0.2529   0.04442    0.3917   0.02641
    41/499     12.1G   0.03512    0.0984  0.008557    0.1421       177      1376    0.5287    0.4621    0.4501    0.2553   0.04439     0.395   0.02612
    42/499     12.1G   0.03486   0.09709  0.008495    0.1404       248      1376    0.5392    0.4566    0.4535    0.2563   0.04412    0.3948    0.0262
    43/499     12.1G   0.03472   0.09704  0.008562    0.1403        64      1376    0.5498    0.4535    0.4544    0.2579   0.04411    0.3921   0.02598
    44/499     12.1G   0.03474   0.09719  0.008322    0.1402       146      1376    0.5424    0.4594    0.4562    0.2594   0.04395    0.3909   0.02668
    45/499     12.1G    0.0348    0.0967  0.008368    0.1399        77      1376    0.5441    0.4745    0.4639    0.2628    0.0439    0.3924   0.02582
    46/499     12.1G   0.03437   0.09657  0.008275    0.1392        81      1376    0.5502    0.4689    0.4659     0.266   0.04374     0.394   0.02657
    47/499     12.1G   0.03445   0.09733  0.008184      0.14       190      1376    0.5581    0.4656     0.466    0.2638   0.04358    0.3912   0.02684
    48/499     12.1G   0.03441   0.09694  0.008208    0.1396       226      1376    0.5546    0.4702     0.469     0.267   0.04363    0.3912   0.02597
    49/499     12.1G   0.03423    0.0962  0.008107    0.1385       528      1376    0.5588    0.4675    0.4687    0.2662   0.04361    0.3922    0.0257
    50/499     12.1G   0.03434   0.09489  0.008062    0.1373       255      1376     0.548    0.4758    0.4696    0.2679   0.04344    0.3932   0.02572
    51/499     12.1G   0.03407   0.09694  0.008004     0.139       303      1376    0.5472    0.4788    0.4734    0.2713   0.04324    0.3924   0.02586
    52/499     12.1G    0.0342   0.09675  0.008006    0.1389       310      1376    0.5543    0.4731    0.4734    0.2712    0.0433      0.39   0.02645
    53/499     12.1G   0.03406   0.09606  0.007957    0.1381       183      1376    0.5693    0.4708    0.4723    0.2723   0.04307     0.395   0.02589
    54/499     12.1G   0.03397    0.0953  0.007886    0.1372       289      1376    0.5633    0.4763    0.4746     0.273    0.0431    0.3924   0.02626
    55/499     12.1G   0.03395   0.09516  0.007945     0.137        70      1376    0.5446    0.4872    0.4767    0.2729     0.043    0.3921   0.02611
    56/499     12.1G    0.0339    0.0956  0.007846    0.1373       243      1376    0.5655     0.481     0.482    0.2767   0.04296    0.3908   0.02578
    57/499     12.1G   0.03389   0.09557  0.007819    0.1373       474      1376    0.5728    0.4715      0.48    0.2762   0.04283    0.3948     0.026
    58/499     12.1G   0.03374   0.09562  0.007721    0.1371       191      1376    0.5677    0.4843    0.4816    0.2773   0.04277    0.3904   0.02583
    59/499     12.1G   0.03358   0.09531   0.00768    0.1366       325      1376    0.5714    0.4822    0.4848    0.2795   0.04278     0.391   0.02594
    60/499     12.1G   0.03363   0.09507  0.007637    0.1363        59      1376    0.5787    0.4785    0.4864    0.2806   0.04265    0.3917   0.02659
    61/499     12.1G   0.03357   0.09419  0.007734    0.1355       500      1376    0.5726    0.4898    0.4898    0.2805   0.04263    0.3925   0.02616
    62/499     12.1G   0.03355    0.0948  0.007598    0.1359       229      1376    0.5625    0.4895    0.4877    0.2812   0.04252    0.3928   0.02604
    63/499     12.1G   0.03348   0.09503  0.007573    0.1361       370      1376    0.5925    0.4766    0.4895    0.2826   0.04253    0.3919   0.02621
    64/499     12.1G   0.03345   0.09335  0.007508    0.1343       218      1376     0.558    0.4979    0.4905     0.282   0.04241     0.394   0.02613
    65/499     12.1G   0.03337   0.09331  0.007496    0.1342       100      1376    0.5852    0.4834    0.4923    0.2848   0.04239    0.3956   0.02599
    66/499     12.1G   0.03332   0.09362  0.007469    0.1344       334      1376    0.5716    0.4962    0.4931    0.2857   0.04219    0.3928   0.02565
    67/499     12.1G   0.03331   0.09603  0.007507    0.1368       536      1376    0.5801    0.4869    0.4955    0.2876   0.04222    0.3927   0.02582
    68/499     12.1G   0.03325   0.09254  0.007444    0.1332       123      1376    0.5875    0.4876    0.4965    0.2884   0.04214    0.3941   0.02589
    69/499     12.1G   0.03336   0.09331  0.007408    0.1341       192      1376    0.5687    0.5019    0.4981    0.2887   0.04217    0.3907    0.0262
    70/499     12.1G   0.03335    0.0939  0.007445    0.1347       208      1376    0.5964     0.485    0.4995    0.2901   0.04204    0.3926   0.02572
    71/499     12.1G   0.03295   0.09294  0.007315    0.1332       149      1376    0.5828    0.4941    0.4991    0.2897   0.04201    0.3943   0.02622
    72/499     12.1G   0.03316   0.09553  0.007259    0.1359       193      1376     0.584    0.4947    0.5015    0.2912   0.04205     0.394   0.02627
    73/499     12.1G    0.0332    0.0929  0.007281    0.1334       399      1376    0.5655    0.5061    0.5032    0.2924   0.04196    0.3945   0.02593
    74/499     12.1G    0.0329   0.09324  0.007299    0.1334       110      1376    0.6003    0.4852    0.5019    0.2912   0.04194     0.396   0.02596
    75/499     12.1G   0.03307   0.09367  0.007336    0.1341       473      1376    0.5702    0.5033    0.5018    0.2916   0.04193    0.3958   0.02598
    76/499     12.1G   0.03296   0.09367  0.007243    0.1339       301      1376    0.5803     0.501    0.5041    0.2932   0.04181    0.3955    0.0261
    77/499     12.1G   0.03278   0.09348  0.007208    0.1335       125      1376    0.5664    0.5154     0.507    0.2948   0.04165    0.3946     0.026
    78/499     12.1G   0.03288   0.09379  0.007104    0.1338       496      1376     0.577    0.5074    0.5062    0.2951   0.04165    0.3956   0.02618
    79/499     12.1G   0.03276   0.09261  0.007214    0.1326       218      1376    0.5868    0.5045     0.509    0.2961   0.04152    0.3971   0.02562
    80/499     12.1G   0.03279   0.09415  0.007111     0.134       156      1376    0.5691    0.5158      0.51    0.2963   0.04152    0.3969   0.02573
    81/499     12.1G   0.03286   0.09367  0.007158    0.1337       234      1376     0.569    0.5119    0.5089    0.2968   0.04149    0.3953   0.02561
    82/499     12.1G   0.03272   0.09223  0.007038     0.132       288      1376    0.5627    0.5197    0.5091    0.2973   0.04145    0.3953   0.02567
    83/499     12.1G    0.0324    0.0915  0.007009    0.1309       250      1376    0.6061    0.4924    0.5104    0.2982    0.0414    0.3956   0.02566
    84/499     12.1G   0.03266   0.09283  0.007075    0.1326       652      1376    0.6028    0.4957    0.5116    0.2982   0.04136     0.395   0.02593
    85/499     12.1G   0.03253   0.09115  0.006997    0.1307       115      1376    0.5798    0.5141     0.514    0.3001   0.04133    0.3955    0.0263
    86/499     12.1G   0.03242   0.09321  0.006925    0.1326       267      1376    0.5904    0.5088     0.516    0.3009   0.04135    0.3952   0.02605
    87/499     12.1G   0.03233   0.09088  0.006883    0.1301       109      1376    0.6085    0.4979     0.518    0.3023   0.04129    0.3975   0.02594
    88/499     12.1G   0.03257   0.09224   0.00692    0.1317       373      1376    0.6093    0.4985    0.5182     0.303    0.0412    0.3963    0.0257
    89/499     12.1G   0.03246    0.0937   0.00693    0.1331       314      1376    0.6221    0.4908    0.5195    0.3041   0.04125    0.3955   0.02578
    90/499     12.1G   0.03239   0.09303  0.006884    0.1323        89      1376    0.6322    0.4871    0.5181    0.3042   0.04122    0.3958   0.02565
    91/499     12.1G   0.03219    0.0918  0.006801    0.1308        78      1376    0.6152    0.4991    0.5191    0.3041   0.04121    0.3975   0.02564
    92/499     12.1G   0.03225   0.09163  0.006767    0.1307       291      1376    0.6031     0.508    0.5207    0.3051   0.04119    0.3964   0.02578
    93/499     12.1G   0.03245   0.09385  0.006778    0.1331        79      1376    0.5873    0.5187     0.521    0.3057   0.04107    0.3967   0.02562
    94/499     12.1G   0.03235   0.09281  0.006908    0.1321       273      1376    0.5866    0.5235    0.5238    0.3072   0.04112    0.3956    0.0256
    95/499     12.1G   0.03228   0.09136  0.006815    0.1305       199      1376    0.6096    0.5069    0.5243    0.3078    0.0411    0.3955   0.02569
    96/499     12.1G   0.03221   0.09188  0.006816    0.1309       361      1376    0.6087     0.511    0.5245     0.308   0.04105    0.3954   0.02566
    97/499     12.1G   0.03215   0.09217  0.006787    0.1311       190      1376     0.603    0.5177    0.5252    0.3088   0.04102    0.3953   0.02556
    98/499     12.1G     0.032   0.09181  0.006605    0.1304       567      1376    0.6084    0.5182    0.5255    0.3089   0.04097    0.3955   0.02531
    99/499     12.1G   0.03193   0.08988  0.006605    0.1284       199      1376    0.6046    0.5194    0.5259     0.309   0.04097    0.3954   0.02541
   100/499     12.1G   0.03232   0.09258  0.006734    0.1316       195      1376    0.6124    0.5155    0.5266    0.3091   0.04094    0.3955   0.02538
   101/499     12.1G   0.03224   0.09117  0.006761    0.1302       219      1376    0.6015     0.522    0.5282      0.31   0.04088     0.395   0.02545
   102/499     12.1G   0.03209   0.09129  0.006723    0.1301       261      1376    0.6082    0.5176    0.5282    0.3098   0.04087     0.395    0.0256
   103/499     12.1G   0.03192    0.0918   0.00654    0.1303       162      1376    0.6082    0.5179    0.5281    0.3103    0.0408    0.3956   0.02559
   104/499     12.1G   0.03199   0.09136  0.006645      0.13       342      1376    0.5945    0.5254     0.528    0.3108   0.04076    0.3958   0.02562
   105/499     12.1G   0.03195    0.0911  0.006669    0.1297       613      1376    0.6221    0.5084    0.5281    0.3107   0.04077    0.3966   0.02552
   106/499     12.1G   0.03193   0.09111  0.006555    0.1296       315      1376    0.6015    0.5227    0.5295    0.3113   0.04078    0.3962   0.02553
   107/499     12.1G   0.03176   0.09207  0.006534    0.1304       221      1376     0.616    0.5117    0.5291    0.3111   0.04077     0.396    0.0255
   108/499     12.1G   0.03182   0.09188  0.006503    0.1302       217      1376    0.6165    0.5132    0.5298    0.3122   0.04074    0.3965   0.02558
   109/499     12.1G   0.03179    0.0903  0.006592    0.1287       133      1376    0.6069    0.5213    0.5302     0.312   0.04067    0.3972   0.02563
   110/499     12.1G   0.03177   0.09106  0.006579    0.1294       105      1376    0.6205    0.5127    0.5296    0.3122   0.04063    0.3969    0.0256
   111/499     10.2G   0.03187    0.0912  0.006568    0.1296       234      1376    0.6134    0.5189    0.5294     0.312   0.04063    0.3971   0.02554
   112/499     10.2G   0.03182   0.09087  0.006529    0.1292       376      1376    0.5917    0.5344    0.5308    0.3131   0.04062    0.3973   0.02558
   113/499     10.2G   0.03165      0.09  0.006445    0.1281       499      1376    0.6135    0.5198    0.5317    0.3131    0.0406    0.3979   0.02553
   114/499     10.2G   0.03166   0.08982  0.006409    0.1279       113      1376    0.5949     0.536    0.5319    0.3136   0.04058    0.3985   0.02552
   115/499     10.2G   0.03169   0.09148   0.00644    0.1296       205      1376    0.5966    0.5342    0.5321    0.3139   0.04056    0.3985   0.02554
   116/499     10.2G   0.03158   0.09091  0.006415    0.1289       122      1376     0.606    0.5252    0.5319     0.314   0.04054    0.3983   0.02558
   117/499     10.2G   0.03155   0.08964  0.006418    0.1276       306      1376    0.6091    0.5257    0.5327    0.3141    0.0405    0.3986   0.02558
   118/499     10.2G   0.03165   0.08955  0.006308    0.1275       176      1376    0.6129    0.5225    0.5334    0.3148   0.04048    0.3989   0.02562
   119/499     10.2G   0.03146   0.09101   0.00638    0.1289       173      1376    0.6153    0.5217    0.5338    0.3151   0.04045    0.3989   0.02563
   120/499     10.2G   0.03147   0.09061  0.006288    0.1284        78      1376    0.5986    0.5332    0.5336    0.3156   0.04041    0.3991   0.02557
   121/499     10.2G   0.03148   0.08963  0.006311    0.1274       198      1376    0.6002    0.5309    0.5335    0.3153   0.04038     0.399   0.02557
   122/499     10.4G   0.03146   0.08953  0.006276    0.1273       208      1376    0.5998    0.5333    0.5345    0.3159   0.04034    0.3991   0.02562
   123/499     10.4G   0.03155   0.09009  0.006338     0.128       276      1376    0.6123    0.5241     0.535    0.3161   0.04033    0.3993   0.02566
   124/499     10.4G   0.03137   0.09011   0.00613    0.1276       137      1376    0.6089    0.5262    0.5352    0.3166   0.04033    0.3993   0.02569
   125/499     10.4G   0.03121   0.08995  0.006246    0.1274       295      1376    0.6131    0.5228    0.5361    0.3172   0.04031    0.3989   0.02569
   126/499     10.4G   0.03136   0.08957  0.006223    0.1272       309      1376    0.6099    0.5249    0.5359    0.3172   0.04028     0.399   0.02566
   127/499     10.4G   0.03135   0.08931  0.006261    0.1269       301      1376    0.6157    0.5221    0.5366    0.3175   0.04026    0.3989   0.02563
   128/499     10.4G    0.0313   0.08871  0.006197    0.1262       237      1376    0.5903    0.5416    0.5365     0.318   0.04026    0.3988   0.02563
   129/499     10.4G    0.0312   0.09025  0.006113    0.1276       108      1376    0.5878    0.5428     0.537    0.3183   0.04025    0.3989   0.02558
   130/499     10.4G   0.03137   0.09027  0.006259    0.1279       131      1376    0.6128    0.5247    0.5374    0.3181   0.04024    0.3991   0.02553
   131/499     10.4G   0.03131   0.09133  0.006111    0.1287       188      1376    0.6183    0.5215    0.5376    0.3181   0.04022    0.3993   0.02551
   132/499     10.4G   0.03126   0.08892  0.006192    0.1264       267      1376    0.5881    0.5452    0.5381    0.3186    0.0402    0.3991   0.02548
   133/499     10.8G   0.03132   0.08977  0.006175    0.1273        52      1376    0.5866    0.5476    0.5385    0.3188   0.04019    0.3991   0.02549
   134/499     10.8G   0.03128   0.08963  0.006213    0.1271       248      1376    0.6033    0.5368    0.5385    0.3186   0.04018    0.3994   0.02547
   135/499     10.8G   0.03129   0.08884  0.006174    0.1263       228      1376    0.6001      0.54     0.539    0.3187   0.04017    0.3995   0.02546
   136/499     10.8G   0.03107   0.08909  0.006129    0.1263       218      1376    0.6078    0.5342    0.5392    0.3189   0.04015    0.3998   0.02544
   137/499     10.8G   0.03129    0.0897  0.006133    0.1271       456      1376    0.6137    0.5308    0.5397     0.319   0.04014       0.4   0.02541
   138/499     10.8G   0.03109   0.08921   0.00616    0.1265       330      1376    0.6224    0.5239    0.5396    0.3191   0.04012    0.4002    0.0254
   139/499     10.8G   0.03129   0.08896  0.006072    0.1263        84      1376    0.6162    0.5293    0.5406    0.3193    0.0401    0.4004   0.02537
   140/499     10.8G   0.03122   0.08975  0.006073     0.127       200      1376    0.6143    0.5297    0.5406    0.3193   0.04009    0.4006   0.02536
   141/499     10.8G   0.03096   0.08757  0.006046    0.1246       639      1376    0.6021    0.5401    0.5412    0.3195   0.04008    0.4007   0.02535
   142/499     10.8G   0.03098   0.09007  0.005979     0.127       290      1376    0.6021    0.5406    0.5416    0.3197   0.04007    0.4007   0.02533
   143/499     10.8G    0.0312    0.0897  0.006118     0.127       325      1376    0.6025    0.5415    0.5424    0.3202   0.04007    0.4009    0.0253
   144/499     10.8G   0.03101   0.08929  0.006014    0.1263       301      1376    0.6035    0.5423    0.5428    0.3209   0.04006     0.401   0.02529
   145/499     10.8G     0.031   0.08888  0.006006    0.1259       187      1376    0.6008    0.5456    0.5435    0.3211   0.04004    0.4012   0.02528
   146/499     10.8G   0.03099   0.08896  0.005963    0.1259       416      1376    0.5992     0.547    0.5438    0.3213   0.04002    0.4015   0.02527
   147/499     10.8G   0.03091   0.09002  0.006037     0.127        87      1376    0.5982    0.5476    0.5435    0.3213   0.04001    0.4016   0.02525
   148/499     10.8G   0.03102   0.08803  0.006011    0.1251       148      1376    0.6047    0.5436    0.5441    0.3215      0.04    0.4016   0.02525
   149/499     10.8G   0.03095   0.08861  0.005918    0.1255       333      1376    0.5917    0.5555    0.5444    0.3221   0.03998    0.4017   0.02524
   150/499     10.8G   0.03081   0.08951  0.005864    0.1262       153      1376    0.5998    0.5484    0.5443    0.3223   0.03996    0.4019   0.02525
   151/499     10.8G   0.03091   0.08848  0.005907    0.1253       126      1376    0.5977    0.5516    0.5441    0.3225   0.03994    0.4022   0.02524
   152/499     10.8G   0.03101   0.08955  0.005957    0.1265       295      1376    0.6046    0.5467    0.5446    0.3227   0.03993    0.4023   0.02524
   153/499     10.8G   0.03092   0.08922  0.005927    0.1261       116      1376    0.6063    0.5464    0.5448    0.3228   0.03991    0.4025   0.02524
   154/499     10.8G   0.03078   0.08836  0.005927    0.1251       161      1376    0.6136      0.54     0.545    0.3229    0.0399    0.4026   0.02524
   155/499     10.8G   0.03074   0.08845  0.005877    0.1251       325      1376    0.6192    0.5361    0.5452     0.323   0.03988    0.4026   0.02522
   156/499     10.8G   0.03077   0.08785  0.005801    0.1244       221      1376    0.6195    0.5367    0.5455     0.323   0.03987    0.4025   0.02521
   157/499     10.8G   0.03079   0.08806  0.005847    0.1247       150      1376    0.6192    0.5365    0.5456    0.3231   0.03986    0.4025    0.0252
   158/499     10.8G   0.03085   0.08783  0.005908    0.1246       251      1376    0.6235    0.5341    0.5459    0.3234   0.03985    0.4025    0.0252
   159/499     10.8G   0.03072    0.0886  0.005836    0.1252       408      1376     0.594    0.5576     0.546    0.3236   0.03984    0.4025   0.02517
   160/499     10.8G   0.03059   0.08764  0.005739     0.124       280      1376    0.6238    0.5353    0.5463     0.324   0.03983    0.4026   0.02517
   161/499     10.8G   0.03067   0.08799  0.005776    0.1244       322      1376    0.6068     0.549    0.5464    0.3239   0.03982    0.4026   0.02516
   162/499     10.8G   0.03065   0.08863  0.005787    0.1251       318      1376    0.6232    0.5365    0.5464    0.3239   0.03981    0.4026   0.02515
   163/499     10.8G   0.03057   0.08624  0.005734    0.1225       227      1376    0.6237    0.5365    0.5466    0.3239    0.0398    0.4027   0.02513
   164/499     10.8G   0.03072   0.08784  0.005689    0.1243       185      1376    0.6168    0.5421    0.5467    0.3239    0.0398    0.4028   0.02512
   165/499     10.8G   0.03054    0.0893  0.005807    0.1257       452      1376     0.616    0.5435    0.5466    0.3241   0.03979    0.4028   0.02511
   166/499     10.8G   0.03064   0.08707   0.00577    0.1235       109      1376    0.6139    0.5457    0.5467    0.3242   0.03978    0.4028    0.0251
   167/499     10.8G   0.03063   0.08777  0.005674    0.1241       137      1376    0.6061    0.5506    0.5467    0.3241   0.03977    0.4029    0.0251
   168/499     10.8G   0.03067   0.08874  0.005736    0.1251       115      1376    0.6093    0.5482    0.5469    0.3244   0.03976     0.403   0.02509
   169/499     10.8G   0.03056   0.08746  0.005691    0.1237       329      1376    0.6079    0.5494    0.5469    0.3243   0.03976     0.403   0.02508
   170/499     10.8G   0.03045   0.08733    0.0057    0.1235       457      1376    0.6114    0.5467     0.547    0.3245   0.03975    0.4031   0.02507
   171/499     10.8G   0.03056   0.08758  0.005716    0.1239       323      1376    0.6087    0.5497    0.5469    0.3245   0.03974    0.4032   0.02506
   172/499     10.8G   0.03049   0.08888  0.005623     0.125       179      1376    0.6091    0.5499    0.5473    0.3248   0.03974    0.4032   0.02506
   173/499     10.8G   0.03055   0.08613  0.005699    0.1224       280      1376    0.6055    0.5523    0.5475    0.3247   0.03973    0.4033   0.02505
   174/499     10.8G    0.0306   0.08934  0.005632    0.1256       362      1376     0.622    0.5399    0.5477    0.3249   0.03973    0.4034   0.02504
   175/499     10.8G   0.03044   0.08648  0.005613    0.1225       218      1376    0.6019    0.5556    0.5477     0.325   0.03972    0.4035   0.02503
   176/499     10.8G   0.03054   0.08728   0.00564    0.1235       190      1376    0.6213    0.5408    0.5479    0.3252   0.03971    0.4035   0.02502
   177/499     10.8G   0.03041   0.08742  0.005612    0.1234       349      1376    0.6321    0.5333    0.5479    0.3252    0.0397    0.4036     0.025
   178/499     10.8G   0.03052   0.08721  0.005599    0.1233        85      1376    0.6321    0.5333    0.5481    0.3254   0.03969    0.4036     0.025
   179/499     10.8G   0.03031   0.08708  0.005592     0.123       192      1376    0.6332    0.5328    0.5483    0.3254   0.03969    0.4037   0.02499
   180/499     10.8G   0.03048   0.08623  0.005595    0.1223       370      1376    0.6048     0.554    0.5488    0.3256   0.03968    0.4036   0.02498
   181/499     10.8G   0.03029   0.08663  0.005501    0.1224       161      1376    0.6049    0.5541    0.5491    0.3259   0.03967    0.4037   0.02497
   182/499     10.8G   0.03041   0.08828  0.005623    0.1243       173      1376    0.6335    0.5327    0.5492     0.326   0.03967    0.4037   0.02495
   183/499     10.8G   0.03044   0.08632  0.005559    0.1223       290      1376    0.6008    0.5569    0.5491    0.3259   0.03966    0.4038   0.02494
   184/499     10.8G   0.03044   0.08579   0.00554    0.1218       379      1376    0.5995    0.5581    0.5492     0.326   0.03966    0.4038   0.02493
   185/499     10.8G   0.03029   0.08604  0.005602    0.1219       210      1376    0.6337    0.5327    0.5492    0.3261   0.03965    0.4039   0.02493
   186/499     10.8G   0.03024   0.08555  0.005474    0.1213       518      1376    0.6373    0.5304    0.5489     0.326   0.03964    0.4039   0.02493
   187/499     10.8G   0.03044   0.08721  0.005527    0.1232       508      1376    0.6376      0.53    0.5489    0.3259   0.03964    0.4039   0.02492
   188/499     10.8G   0.03041   0.08637   0.00547    0.1223        21      1376    0.6315    0.5336    0.5491    0.3261   0.03963     0.404   0.02492
   189/499     10.8G   0.03027   0.08748   0.00545    0.1232       209      1376    0.6057    0.5524    0.5494    0.3263   0.03963     0.404   0.02491
   190/499     10.8G   0.03041     0.088  0.005509    0.1239       196      1376    0.6014    0.5559    0.5491    0.3263   0.03962     0.404   0.02491
   191/499     10.8G   0.03006   0.08729  0.005463    0.1228       201      1376     0.607    0.5515     0.549    0.3264   0.03962     0.404    0.0249
   192/499     10.8G   0.03018   0.08586  0.005467    0.1215       424      1376    0.6287    0.5357    0.5491    0.3263   0.03962    0.4041    0.0249
   193/499     10.8G   0.03006   0.08677  0.005441    0.1223       192      1376    0.6078    0.5514    0.5495    0.3266   0.03961    0.4041   0.02489
   194/499     10.8G    0.0301   0.08693  0.005453    0.1225       199      1376    0.6064    0.5527    0.5495    0.3265   0.03961    0.4041   0.02488
   195/499     10.8G    0.0301   0.08605    0.0054    0.1215       249      1376    0.6072    0.5525    0.5499    0.3267    0.0396    0.4042   0.02487
   196/499     10.8G   0.03014   0.08641  0.005394    0.1219       439      1376    0.6014    0.5572    0.5501    0.3269    0.0396    0.4042   0.02486
   197/499     10.8G   0.03002   0.08483  0.005327    0.1202       167      1376    0.6055    0.5543    0.5501     0.327   0.03959    0.4043   0.02486
   198/499     10.8G   0.02998   0.08678  0.005359    0.1221       218      1376    0.6059    0.5537    0.5506    0.3271   0.03959    0.4045   0.02485
   199/499     10.8G   0.03003   0.08493  0.005341    0.1203        59      1376    0.6036    0.5556    0.5506    0.3271   0.03959    0.4046   0.02485
   200/499     10.8G   0.03005    0.0859  0.005376    0.1213       223      1376    0.5985    0.5598    0.5507    0.3272   0.03958    0.4047   0.02483
   201/499     10.8G   0.02996   0.08623  0.005299    0.1215       268      1376    0.5996    0.5592    0.5511    0.3277   0.03958    0.4047   0.02483
   202/499     10.8G   0.03007   0.08522  0.005331    0.1206       373      1376    0.5988    0.5597    0.5511    0.3278   0.03958    0.4047   0.02482
   203/499     10.8G   0.03006   0.08498  0.005313    0.1204       348      1376     0.595    0.5627    0.5512    0.3278   0.03958    0.4048   0.02482
   204/499     10.8G   0.03002   0.08653  0.005301    0.1218       123      1376    0.5991    0.5594    0.5512    0.3277   0.03958    0.4048   0.02481
   205/499     10.8G   0.03008   0.08541  0.005382    0.1209       341      1376    0.5983      0.56    0.5511    0.3276   0.03958    0.4049    0.0248
   206/499     10.8G   0.03001   0.08392  0.005299    0.1192       231      1376    0.5969    0.5614    0.5512    0.3278   0.03958    0.4049   0.02479
   207/499     10.8G   0.02997    0.0853  0.005207    0.1205        68      1376    0.5964    0.5618    0.5513    0.3277   0.03957     0.405   0.02478
   208/499     10.8G   0.03002   0.08455  0.005281    0.1198       265      1376    0.6249      0.54    0.5515    0.3277   0.03957    0.4051   0.02477
   209/499     10.8G   0.02986   0.08467  0.005247    0.1198       238      1376    0.6241    0.5408    0.5513    0.3277   0.03957    0.4052   0.02476
   210/499     10.8G   0.03008   0.08562  0.005295     0.121        92      1376     0.624    0.5406    0.5515    0.3277   0.03956    0.4052   0.02475
   211/499     10.8G   0.02982   0.08431  0.005154    0.1193       310      1376    0.6209    0.5421    0.5514    0.3278   0.03956    0.4052   0.02474
   212/499     10.8G    0.0299   0.08456  0.005227    0.1197       337      1376    0.6206    0.5427    0.5515    0.3278   0.03955    0.4053   0.02474
   213/499     11.8G   0.02992   0.08371  0.005215    0.1188       179      1376    0.6222    0.5414    0.5516    0.3278   0.03955    0.4054   0.02473
   214/499     11.8G   0.02988   0.08431  0.005207    0.1194        98      1376    0.6101    0.5499    0.5516    0.3279   0.03955    0.4054   0.02473
   215/499     11.8G   0.03005   0.08465  0.005266      0.12       108      1376    0.6097    0.5505    0.5517    0.3278   0.03954    0.4055   0.02472
   216/499     11.8G   0.02993   0.08634  0.005252    0.1215       189      1376    0.6064    0.5532    0.5517    0.3279   0.03954    0.4056   0.02471
   217/499     11.8G   0.02998   0.08435  0.005223    0.1196       125      1376    0.6064    0.5533    0.5518    0.3279   0.03953    0.4056   0.02471
   218/499     11.8G   0.02995     0.085   0.00521    0.1202       379      1376    0.6015    0.5579    0.5519    0.3281   0.03953    0.4057    0.0247
   219/499     11.8G   0.02977   0.08401  0.005206     0.119       431      1376     0.603    0.5562     0.552    0.3282   0.03953    0.4058   0.02469
   220/499     11.8G   0.02978   0.08428  0.005126    0.1192        62      1376    0.5985    0.5602     0.552    0.3284   0.03953    0.4059   0.02468
   221/499     11.8G   0.02971   0.08491  0.005096    0.1197       258      1376    0.6077    0.5532    0.5519    0.3282   0.03952    0.4059   0.02467
   222/499     11.8G   0.02981   0.08353  0.005187    0.1185       208      1376    0.6002     0.559    0.5519    0.3281   0.03952     0.406   0.02466
   223/499     11.8G   0.02975    0.0844  0.005153    0.1193       372      1376    0.6084    0.5529    0.5521    0.3283   0.03952    0.4061   0.02465
   224/499     11.8G   0.02968   0.08568  0.005091    0.1205       449      1376    0.6038    0.5558     0.552    0.3283   0.03952    0.4061   0.02464
   225/499     11.8G   0.02977   0.08371  0.005105    0.1186        75      1376    0.6046    0.5551    0.5519    0.3285   0.03952    0.4062   0.02463
   226/499     11.8G   0.02962   0.08451  0.005139    0.1193       313      1376    0.6032    0.5572     0.552    0.3285   0.03952    0.4062   0.02462
   227/499     11.8G   0.02979   0.08356  0.005088    0.1184       154      1376    0.6034     0.557    0.5521    0.3285   0.03951    0.4063   0.02461
   228/499     11.8G   0.02972   0.08474  0.005152    0.1196       196      1376    0.5977    0.5612    0.5521    0.3286   0.03951    0.4064    0.0246
   229/499     11.8G   0.02966   0.08406  0.005106    0.1188       177      1376    0.6019    0.5584    0.5521    0.3286   0.03951    0.4065   0.02459
   230/499     11.8G   0.02968   0.08424  0.005062     0.119       106      1376    0.5989      0.56    0.5521    0.3286    0.0395    0.4066   0.02458
   231/499     11.8G   0.02962   0.08444  0.005076    0.1191       158      1376    0.6032    0.5561    0.5521    0.3286    0.0395    0.4066   0.02457
   232/499     11.8G    0.0296   0.08502  0.005038    0.1197       186      1376     0.603    0.5559    0.5519    0.3286    0.0395    0.4066   0.02456
   233/499     11.8G   0.02957   0.08516  0.004981    0.1197       275      1376    0.6008    0.5579    0.5519    0.3285    0.0395    0.4067   0.02455
   234/499     11.8G   0.02958   0.08337  0.005005    0.1179       265      1376    0.6026    0.5559    0.5519    0.3287    0.0395    0.4067   0.02454
   235/499     11.8G   0.02955   0.08542  0.005024      0.12        68      1376    0.6024    0.5569     0.552    0.3287   0.03949    0.4068   0.02453
   236/499     11.8G   0.02965   0.08458  0.005024    0.1193       191      1376    0.6007    0.5581     0.552    0.3287   0.03949    0.4068   0.02452
   237/499     11.8G    0.0294   0.08512   0.00496    0.1195       333      1376     0.599    0.5594    0.5519    0.3287   0.03949    0.4069    0.0245
   238/499     11.8G   0.02968   0.08581  0.005069    0.1206       316      1376    0.6003    0.5583    0.5524    0.3288   0.03949     0.407   0.02449
   239/499     11.8G   0.02968    0.0851  0.005088    0.1199       413      1376    0.6013    0.5576    0.5525    0.3288   0.03948    0.4071   0.02448
   240/499     11.8G   0.02951   0.08414  0.004917    0.1186        64      1376    0.6007    0.5576    0.5523    0.3287   0.03948    0.4072   0.02446
   241/499     11.8G   0.02945    0.0843  0.004946    0.1187       594      1376     0.597     0.561    0.5524    0.3288   0.03948    0.4073   0.02445
   242/499     11.8G   0.02955   0.08354  0.004944     0.118       392      1376     0.602    0.5569    0.5524    0.3287   0.03947    0.4074   0.02443
   243/499     11.8G   0.02932   0.08336  0.004964    0.1176       333      1376    0.5975    0.5605    0.5519    0.3287   0.03947    0.4075   0.02442
   244/499     11.8G   0.02953   0.08364  0.004988    0.1182       231      1376     0.601    0.5575     0.552    0.3288   0.03946    0.4076   0.02441
   245/499     11.8G   0.02939   0.08403  0.004923    0.1183       146      1376     0.617    0.5455    0.5521     0.329   0.03946    0.4076   0.02439
   246/499     11.8G   0.02929   0.08399  0.004835    0.1181       687      1376    0.6154    0.5468    0.5519    0.3288   0.03946    0.4077   0.02438
   247/499     11.8G   0.02944   0.08442  0.005047    0.1189        85      1376    0.6134    0.5486    0.5518    0.3285   0.03946    0.4077   0.02437
   248/499     11.8G   0.02943   0.08318  0.004944    0.1176       344      1376    0.6138    0.5484    0.5517    0.3285   0.03945    0.4078   0.02435
   249/499     11.8G   0.02948   0.08309  0.004969    0.1175       174      1376    0.6133    0.5488    0.5517    0.3285   0.03945    0.4079   0.02433
   250/499     11.8G    0.0294   0.08317  0.004878    0.1175       193      1376    0.5881    0.5694    0.5517    0.3283   0.03945     0.408   0.02432
   251/499     11.8G   0.02925   0.08374  0.004894    0.1179       356      1376    0.5885    0.5694    0.5516    0.3284   0.03944     0.408   0.02431
   252/499     11.8G    0.0293   0.08225  0.004808    0.1164       231      1376    0.5904    0.5677    0.5516    0.3285   0.03944    0.4081    0.0243
   253/499     11.8G   0.02923   0.08233  0.004821    0.1164       275      1376    0.5906    0.5672    0.5514    0.3284   0.03944    0.4082   0.02428
   254/499     11.8G   0.02922   0.08352  0.004845    0.1176        72      1376    0.5903    0.5685    0.5513    0.3283   0.03944    0.4083   0.02427
   255/499     11.8G   0.02936   0.08359  0.004894    0.1178       427      1376    0.5916    0.5674    0.5515    0.3284   0.03944    0.4084   0.02425
   256/499     11.8G   0.02928   0.08309  0.004826    0.1172       165      1376    0.5908    0.5675    0.5512    0.3284   0.03943    0.4085   0.02423
   257/499     11.8G   0.02927   0.08299  0.004847    0.1171       366      1376    0.5904    0.5682    0.5512    0.3282   0.03943    0.4086   0.02422
   258/499     11.8G   0.02912   0.08223  0.004801    0.1162       227      1376    0.6112    0.5511    0.5513    0.3286   0.03943    0.4087   0.02421
   259/499     11.8G    0.0292     0.081  0.004749     0.115       252      1376    0.6117    0.5507    0.5512    0.3284   0.03943    0.4088   0.02419
   260/499     11.8G   0.02919   0.08202   0.00476     0.116       177      1376    0.6111    0.5512    0.5511    0.3284   0.03943     0.409   0.02417
   261/499     11.8G   0.02923    0.0839  0.004808    0.1179       269      1376    0.6084    0.5536    0.5509    0.3283   0.03942    0.4091   0.02416
   262/499     11.8G   0.02929    0.0833  0.004795    0.1174        56      1376    0.6109    0.5514     0.551    0.3282   0.03942    0.4092   0.02414
   263/499     11.8G   0.02914   0.08333  0.004742    0.1172       126      1376    0.6087     0.553    0.5512    0.3283   0.03942    0.4094   0.02412
   264/499     11.8G   0.02915   0.08245  0.004744    0.1163       210      1376    0.6042    0.5569    0.5511     0.328   0.03942    0.4095   0.02411
   265/499     11.8G   0.02922   0.08217  0.004721    0.1161        72      1376    0.6116    0.5514    0.5511    0.3281   0.03942    0.4096   0.02409
   266/499     11.8G   0.02919   0.08175  0.004736    0.1157       369      1376    0.6139    0.5503    0.5516    0.3281   0.03942    0.4097   0.02408
   267/499     11.8G   0.02906   0.08316  0.004731     0.117        33      1376    0.6082    0.5549    0.5515     0.328   0.03942    0.4099   0.02407
   268/499     11.8G   0.02913    0.0812  0.004734    0.1151       258      1376    0.6072     0.556    0.5515     0.328   0.03942      0.41   0.02405
   269/499     11.8G   0.02893   0.08292  0.004646    0.1165       126      1376    0.6076    0.5558    0.5515    0.3281   0.03941    0.4101   0.02403
   270/499     11.8G   0.02911   0.08202  0.004703    0.1158       222      1376    0.6082    0.5551    0.5515     0.328   0.03941    0.4103   0.02402
   271/499     11.8G   0.02913   0.08355   0.00473    0.1174       510      1376    0.6069    0.5563    0.5515    0.3279   0.03941    0.4104   0.02401
   272/499     11.8G   0.02917    0.0828  0.004809    0.1168       473      1376    0.6073     0.556    0.5513    0.3277   0.03941    0.4106     0.024
   273/499     11.8G   0.02899   0.08178  0.004633    0.1154       638      1376    0.6081     0.555    0.5515    0.3278   0.03941    0.4106   0.02398
   274/499     11.8G   0.02908   0.08225  0.004674     0.116        97      1376    0.6131    0.5506    0.5514    0.3276   0.03941    0.4108   0.02396
   275/499     11.8G   0.02911   0.08226  0.004758    0.1161        71      1376     0.613    0.5512    0.5514    0.3276   0.03941    0.4109   0.02394
   276/499     11.8G   0.02897   0.08141  0.004586     0.115       195      1376    0.6122    0.5513    0.5514    0.3276    0.0394    0.4111   0.02393
   277/499     11.8G     0.029   0.08302  0.004673    0.1167       199      1376    0.6122    0.5516    0.5512    0.3275   0.03941    0.4112   0.02392
   278/499     11.8G   0.02895   0.08086  0.004597    0.1144        50      1376    0.6119    0.5522    0.5513    0.3275   0.03941    0.4114   0.02391
   279/499     11.8G   0.02897   0.08107  0.004588    0.1146       460      1376     0.612    0.5518    0.5513    0.3277   0.03941    0.4116   0.02389
   280/499     11.8G   0.02891   0.08089  0.004539    0.1143       179      1376    0.6174    0.5481    0.5512    0.3276   0.03941    0.4116   0.02388
   281/499     11.8G    0.0289   0.08147  0.004625     0.115       183      1376    0.6177     0.548    0.5512    0.3276   0.03941    0.4117   0.02387
   282/499     11.8G   0.02897   0.08178  0.004603    0.1153       174      1376     0.616    0.5484     0.551    0.3277   0.03941    0.4119   0.02386
   283/499     11.8G   0.02888   0.08189  0.004565    0.1153       151      1376     0.615    0.5487    0.5508    0.3276   0.03941     0.412   0.02385
   284/499     11.8G   0.02903   0.08206  0.004645    0.1157       433      1376    0.6151     0.549    0.5509    0.3275   0.03941    0.4121   0.02383
   285/499     11.8G   0.02894   0.08214  0.004556    0.1156       487      1376     0.614    0.5493     0.551    0.3275   0.03941    0.4122   0.02382
   286/499     11.8G   0.02908   0.08148    0.0046    0.1152       257      1376    0.6119    0.5505     0.551    0.3275   0.03941    0.4123   0.02381
   287/499     11.8G   0.02891   0.08263  0.004563    0.1161       288      1376    0.6099    0.5512    0.5508    0.3274   0.03941    0.4125   0.02379
   288/499     11.8G   0.02876   0.08051  0.004512    0.1138       168      1376    0.6095     0.552    0.5512    0.3275   0.03941    0.4127   0.02379
   289/499     11.8G   0.02884    0.0831  0.004592    0.1165       355      1376    0.6042    0.5554    0.5513    0.3274   0.03941    0.4128   0.02377
   290/499     11.8G   0.02873   0.08042  0.004537    0.1137       268      1376    0.6313    0.5361    0.5513    0.3275   0.03941    0.4129   0.02375
   291/499     11.8G   0.02878   0.08018  0.004491    0.1134       282      1376    0.6235    0.5415    0.5513    0.3275   0.03941    0.4131   0.02374
   292/499     11.8G   0.02865   0.08059  0.004462    0.1137       173      1376    0.6243    0.5409     0.551    0.3273   0.03942    0.4133   0.02372
   293/499     11.8G   0.02885   0.08154  0.004537    0.1149       137      1376    0.6236    0.5416     0.551    0.3273   0.03942    0.4134   0.02371
   294/499     11.8G   0.02869   0.08033  0.004461    0.1135       388      1376    0.6234    0.5419     0.551    0.3273   0.03942    0.4135   0.02369
   295/499     11.8G   0.02872   0.08063  0.004504    0.1139       231      1376    0.6265    0.5393    0.5507    0.3271   0.03942    0.4137   0.02368
   296/499     11.8G   0.02874   0.08014  0.004424    0.1133       333      1376    0.6254    0.5398    0.5506    0.3271   0.03942    0.4139   0.02367
   297/499     11.8G   0.02863   0.08083  0.004462    0.1139       125      1376    0.6258    0.5401     0.551    0.3273   0.03943     0.414   0.02365
   298/499     11.8G   0.02872   0.08092  0.004479    0.1141       117      1376    0.6266     0.539     0.551    0.3273   0.03943    0.4142   0.02364
   299/499     11.8G   0.02867   0.08093  0.004479    0.1141       166      1376    0.6288    0.5379    0.5511    0.3274   0.03943    0.4143   0.02363
   300/499     11.8G   0.02878   0.08192  0.004491    0.1152       225      1376    0.6289    0.5374    0.5511    0.3274   0.03943    0.4145   0.02361
   301/499     11.8G   0.02862   0.07986  0.004437    0.1129        62      1376    0.6296    0.5376    0.5513    0.3273   0.03943    0.4147   0.02359
   302/499     11.8G   0.02861   0.07983  0.004347    0.1128       180      1376    0.6272    0.5392    0.5512    0.3275   0.03942    0.4149   0.02358
   303/499     11.8G   0.02858   0.08036  0.004355    0.1133        68      1376    0.6279    0.5388    0.5513    0.3275   0.03942    0.4152   0.02357
   304/499     11.8G   0.02863   0.08002  0.004412    0.1131       402      1376    0.6427    0.5294    0.5511    0.3275   0.03942    0.4154   0.02356
   305/499     11.8G   0.02865   0.08092  0.004452     0.114       399      1376    0.6305    0.5374    0.5511    0.3275   0.03942    0.4155   0.02354
   306/499     11.8G   0.02856   0.08057  0.004325    0.1135       191      1376    0.6432      0.53    0.5513    0.3275   0.03941    0.4157   0.02353
   307/499     11.8G   0.02852   0.07997  0.004382    0.1129        29      1376     0.643    0.5296    0.5509    0.3276   0.03941    0.4159   0.02351
   308/499     11.8G   0.02863   0.07931   0.00436    0.1123       305      1376    0.6327     0.536    0.5507    0.3276   0.03942    0.4161    0.0235
   309/499     11.8G   0.02861    0.0798  0.004395    0.1128       210      1376    0.6325    0.5368    0.5509    0.3274   0.03943    0.4162   0.02349
   310/499     11.8G   0.02853   0.08127  0.004333    0.1141       276      1376     0.632    0.5373    0.5507    0.3274   0.03943    0.4164   0.02347
   311/499     11.8G   0.02861   0.07984  0.004283    0.1127       180      1376    0.6332    0.5366    0.5509    0.3273   0.03943    0.4164   0.02346
   312/499     11.8G   0.02863    0.0804  0.004391    0.1134       227      1376    0.6315    0.5378    0.5511    0.3273   0.03942    0.4167   0.02345
   313/499     11.8G   0.02853    0.0791  0.004295    0.1119       470      1376    0.6321    0.5378    0.5514    0.3273   0.03942    0.4168   0.02344
   314/499     11.8G   0.02856   0.08057  0.004323    0.1134       102      1376    0.6326    0.5377    0.5517    0.3276   0.03942     0.417   0.02342
   315/499     11.8G   0.02855   0.08096  0.004332    0.1138       191      1376    0.6323    0.5385    0.5514    0.3276   0.03942    0.4171   0.02341
   316/499     11.8G   0.02859   0.07994  0.004295    0.1128       157      1376    0.6316    0.5387    0.5514    0.3278   0.03942    0.4174    0.0234
   317/499     11.8G   0.02847    0.0797  0.004291    0.1125       862      1376    0.6311    0.5391    0.5513    0.3278   0.03941    0.4177   0.02339
   318/499     11.8G   0.02863   0.07953  0.004405    0.1126        99      1376     0.632    0.5381    0.5511    0.3277   0.03941    0.4179   0.02338
   319/499     11.8G   0.02852   0.08021  0.004307     0.113       113      1376     0.624    0.5434    0.5514     0.328   0.03942     0.418   0.02336
   320/499     11.8G   0.02833   0.07921  0.004221    0.1118       134      1376    0.6255     0.542    0.5515    0.3281   0.03942    0.4183   0.02335
   321/499     11.8G   0.02854   0.07943  0.004328    0.1123       214      1376    0.6252    0.5427    0.5517    0.3282   0.03942    0.4185   0.02333
   322/499     11.8G   0.02847   0.07943  0.004259    0.1122       625      1376    0.6252    0.5426    0.5519    0.3282   0.03943    0.4187   0.02331
   323/499     11.8G   0.02834   0.07799  0.004254    0.1106       438      1376    0.6244    0.5427    0.5516    0.3281   0.03943    0.4189    0.0233
   324/499     11.8G   0.02841      0.08  0.004248    0.1127       391      1376    0.6177    0.5472    0.5518    0.3281   0.03944    0.4192   0.02328
   325/499     11.8G   0.02846   0.07803  0.004205    0.1107       271      1376    0.6191     0.547    0.5521    0.3284   0.03944    0.4194   0.02327
   326/499     11.8G   0.02836    0.0788  0.004281    0.1114       247      1376    0.6289    0.5401    0.5524    0.3285   0.03944    0.4197   0.02325
   327/499     11.8G   0.02844   0.07917  0.004315    0.1119        41      1376    0.6294    0.5404    0.5526    0.3285   0.03944    0.4198   0.02324
   328/499     11.8G   0.02826   0.07913  0.004218    0.1116        48      1376    0.6301    0.5401    0.5525    0.3284   0.03944    0.4202   0.02323
   329/499     11.8G   0.02833   0.07917  0.004247    0.1117       202      1376    0.6319    0.5382    0.5524    0.3286   0.03944    0.4204   0.02322
   330/499     11.8G   0.02858   0.07988  0.004226    0.1127       204      1376    0.6266    0.5422    0.5522    0.3283   0.03944    0.4206   0.02321
   331/499     11.8G   0.02822   0.07877  0.004185    0.1112       592      1376    0.6301    0.5395    0.5522    0.3283   0.03945    0.4207    0.0232
   332/499     11.8G    0.0284   0.07776  0.004216    0.1104       239      1376    0.6272    0.5418    0.5522    0.3284   0.03944     0.421   0.02318
   333/499     11.8G   0.02836   0.07819  0.004216    0.1108       172      1376    0.6453      0.53     0.552    0.3282   0.03945    0.4211   0.02317
   334/499     11.8G   0.02832   0.07897  0.004171    0.1115        97      1376    0.6445    0.5305    0.5519    0.3282   0.03945    0.4214   0.02315
   335/499     11.8G   0.02832   0.08048   0.00415     0.113       149      1376    0.6427    0.5313    0.5521    0.3284   0.03945    0.4216   0.02314
   336/499     11.8G   0.02836    0.0786  0.004229    0.1112       274      1376    0.6424    0.5318    0.5523    0.3285   0.03945    0.4218   0.02312
   337/499     11.8G    0.0281   0.07829  0.004136    0.1105       387      1376    0.6433    0.5309     0.552    0.3283   0.03945    0.4221   0.02311
   338/499     11.8G   0.02812   0.07924  0.004176    0.1115       176      1376    0.6386    0.5343    0.5521    0.3283   0.03945    0.4223    0.0231
   339/499     11.8G    0.0282   0.07934   0.00415    0.1117        98      1376    0.6366    0.5355    0.5521    0.3283   0.03945    0.4225   0.02308
   340/499     11.8G   0.02809   0.07837  0.004106    0.1106       254      1376    0.6336    0.5376    0.5521    0.3283   0.03945    0.4228   0.02307
   341/499     11.8G   0.02833   0.07919  0.004181    0.1117       290      1376    0.6351    0.5371    0.5522    0.3284   0.03945    0.4229   0.02305
   342/499     11.8G   0.02826    0.0774  0.004115    0.1098       241      1376    0.6345    0.5376    0.5521    0.3284   0.03946    0.4231   0.02304
   343/499     11.8G    0.0282   0.07788  0.004077    0.1102       678      1376    0.6352    0.5368     0.552    0.3283   0.03946    0.4234   0.02303
   344/499     11.8G   0.02813   0.07845  0.004056    0.1106       380      1376    0.6326    0.5384     0.552    0.3283   0.03946    0.4236   0.02302
   345/499     11.8G   0.02829   0.07877  0.004125    0.1112       120      1376    0.6322     0.539     0.552    0.3283   0.03946    0.4238   0.02301
   346/499     11.8G   0.02826   0.07798  0.004106    0.1103       165      1376    0.6337    0.5383     0.552    0.3283   0.03946    0.4241   0.02299
   347/499     11.8G   0.02827    0.0796  0.004104     0.112       271      1376    0.6334    0.5384    0.5521    0.3282   0.03946    0.4243   0.02298
   348/499     11.8G   0.02813   0.07972  0.004112     0.112       170      1376    0.6318    0.5392    0.5522    0.3283   0.03946    0.4246   0.02296
   349/499     11.8G   0.02818   0.07832  0.004123    0.1106       373      1376    0.6328    0.5384    0.5522    0.3284   0.03945    0.4248   0.02295
   350/499     11.8G   0.02807   0.07733  0.004054    0.1094       316      1376    0.6325    0.5388     0.552    0.3282   0.03945    0.4251   0.02294
   351/499     11.8G   0.02814   0.07928  0.004096    0.1115        92      1376    0.6334    0.5379    0.5521    0.3282   0.03946    0.4253   0.02292
   352/499     11.8G   0.02809   0.07653  0.004003    0.1086       235      1376    0.6323    0.5393    0.5519    0.3282   0.03946    0.4256   0.02291
   353/499     11.8G   0.02806   0.07715  0.004013    0.1092        61      1376    0.6321    0.5393    0.5522    0.3284   0.03946    0.4258    0.0229
   354/499     11.8G   0.02813   0.07753  0.004105    0.1098       283      1376    0.6338    0.5388    0.5522    0.3283   0.03946     0.426   0.02289
   355/499     11.8G   0.02802   0.07624  0.004006    0.1083       393      1376     0.632    0.5392    0.5522    0.3285   0.03946    0.4263   0.02288
   356/499     11.8G   0.02822   0.07891  0.004089    0.1112       235      1376    0.6304    0.5402    0.5522    0.3286   0.03946    0.4266   0.02286
   357/499     11.8G   0.02804   0.07768  0.003999    0.1097       396      1376    0.6302    0.5399    0.5519    0.3285   0.03946    0.4269   0.02285
   358/499     11.8G   0.02799   0.07702  0.003981     0.109        79      1376    0.6297    0.5406    0.5517    0.3285   0.03946    0.4271   0.02284
   359/499     11.8G   0.02802   0.07903  0.003977     0.111       311      1376      0.63    0.5405    0.5517    0.3284   0.03946    0.4274   0.02283
   360/499     11.8G   0.02798   0.07814  0.004014    0.1101       100      1376    0.6307    0.5401     0.552    0.3284   0.03945    0.4277   0.02281
   361/499     11.8G   0.02802   0.07807  0.003975    0.1101       315      1376    0.6301    0.5404    0.5517    0.3284   0.03945     0.428    0.0228
   362/499     11.8G   0.02815   0.07924  0.004043    0.1114       108      1376    0.6487     0.528    0.5518    0.3285   0.03945    0.4282   0.02278
   363/499     12.5G   0.02791   0.07746  0.003919    0.1093       330      1376    0.6297    0.5403    0.5518    0.3282   0.03945    0.4284   0.02277
   364/499     12.5G   0.02788   0.07834  0.003916    0.1101       284      1376    0.6337    0.5377    0.5517    0.3281   0.03945    0.4286   0.02276
   365/499     12.5G   0.02805   0.07758   0.00392    0.1096       253      1376    0.6361    0.5367     0.552    0.3283   0.03946    0.4288   0.02274
   366/499     12.5G   0.02795   0.07792  0.003992    0.1099       776      1376    0.6247    0.5443    0.5518    0.3281   0.03945    0.4289   0.02273
   367/499     12.5G   0.02799   0.07902  0.004013     0.111       398      1376    0.6382    0.5355    0.5519    0.3282   0.03945     0.429   0.02271
   368/499     12.5G   0.02797   0.07763  0.003941    0.1095       214      1376    0.6435    0.5326    0.5519    0.3283   0.03944    0.4293    0.0227
   369/499     12.5G   0.02778   0.07693  0.003915    0.1086       315      1376    0.6423    0.5333     0.552    0.3282   0.03944    0.4295   0.02269
   370/499     12.5G   0.02799   0.07728  0.003974    0.1093       134      1376    0.6526    0.5268    0.5519    0.3282   0.03944    0.4297   0.02268
   371/499     12.5G    0.0279   0.07759   0.00393    0.1094       233      1376    0.6513    0.5278    0.5521    0.3282   0.03944    0.4299   0.02267
   372/499     12.5G   0.02782   0.07715  0.003878    0.1088       222      1376    0.6394    0.5356    0.5521    0.3282   0.03944    0.4302   0.02266
   373/499     12.5G    0.0278   0.07635  0.003866     0.108       157      1376    0.6415    0.5345    0.5522    0.3282   0.03944    0.4304   0.02264
   374/499     12.5G   0.02789    0.0775   0.00395    0.1093       277      1376      0.64    0.5358    0.5523    0.3284   0.03943    0.4307   0.02263
   375/499     12.5G   0.02788   0.07711  0.003934    0.1089       304      1376    0.6397    0.5368    0.5523    0.3284   0.03944    0.4309   0.02263
   376/499     12.5G   0.02799   0.07727   0.00394    0.1092       333      1376    0.6388    0.5373    0.5525    0.3284   0.03944    0.4311   0.02262
   377/499     12.5G   0.02772   0.07703  0.003821    0.1086       332      1376    0.6391    0.5373    0.5523    0.3284   0.03945    0.4314   0.02261
   378/499     12.5G   0.02789   0.07665   0.00391    0.1085       406      1376    0.6372    0.5383    0.5523    0.3285   0.03945    0.4317   0.02259
   379/499     12.5G   0.02778   0.07713  0.003906    0.1088       116      1376    0.6371    0.5382    0.5524    0.3285   0.03945     0.432   0.02258
   380/499     12.5G   0.02767   0.07643  0.003879     0.108       118      1376    0.6415    0.5353    0.5525    0.3285   0.03945    0.4322   0.02256
   381/499     12.5G   0.02768    0.0765  0.003747    0.1079       143      1376    0.6425    0.5349    0.5526    0.3286   0.03944    0.4325   0.02255
   382/499     12.5G   0.02767   0.07671  0.003842    0.1082       208      1376    0.6443    0.5336    0.5527    0.3287   0.03944    0.4328   0.02254
   383/499     12.5G   0.02782   0.07766  0.003889    0.1094       373      1376    0.6431    0.5344    0.5526    0.3288   0.03944     0.433   0.02253
   384/499     12.5G   0.02773   0.07596  0.003888    0.1076       153      1376    0.6441    0.5336    0.5527    0.3288   0.03944    0.4333   0.02251
   385/499     12.5G   0.02766   0.07591  0.003792    0.1074       109      1376     0.644    0.5337    0.5527    0.3289   0.03944    0.4336   0.02249
   386/499     12.5G   0.02769   0.07688  0.003839    0.1084       679      1376    0.6448     0.533    0.5528     0.329   0.03944    0.4338   0.02248
   387/499     12.5G   0.02765   0.07615  0.003834    0.1076       317      1376    0.6433    0.5338    0.5526    0.3289   0.03944     0.434   0.02247
   388/499     12.5G   0.02765    0.0763  0.003801    0.1078       314      1376    0.6316    0.5405    0.5523    0.3288   0.03944    0.4342   0.02245
   389/499     12.5G   0.02764   0.07658  0.003743     0.108       281      1376      0.63    0.5417    0.5524    0.3289   0.03943    0.4345   0.02244
   390/499     12.5G   0.02763   0.07708  0.003781    0.1085       252      1376    0.6276    0.5433    0.5523    0.3287   0.03943    0.4347   0.02243
   391/499     12.5G   0.02778   0.07604  0.003902    0.1077       206      1376    0.6278    0.5431    0.5523    0.3287   0.03943     0.435   0.02242
   392/499     12.5G   0.02759    0.0764  0.003778    0.1078       133      1376    0.6308    0.5405    0.5524    0.3287   0.03942    0.4353   0.02241
   393/499     12.5G   0.02769   0.07607  0.003753    0.1075       262      1376    0.6363    0.5373    0.5527    0.3289   0.03942    0.4355   0.02239
   394/499     12.5G   0.02756   0.07574  0.003687     0.107       157      1376    0.6379    0.5361    0.5526    0.3288   0.03942    0.4359   0.02238
   395/499     12.5G   0.02743   0.07559  0.003738    0.1068       275      1376    0.6321    0.5406    0.5528    0.3289   0.03942    0.4361   0.02237
   396/499     12.5G   0.02743   0.07517  0.003707    0.1063        46      1376    0.6303    0.5414    0.5525    0.3287   0.03942    0.4364   0.02235
   397/499     12.5G   0.02766   0.07882  0.003838    0.1103       293      1376    0.6312    0.5406    0.5525    0.3289   0.03942    0.4367   0.02233
   398/499     12.5G   0.02758   0.07533  0.003775    0.1067       109      1376    0.6288    0.5418    0.5524    0.3288   0.03941    0.4369   0.02232
   399/499     12.5G   0.02765   0.07637  0.003792    0.1078       195      1376    0.6423    0.5333    0.5524    0.3288   0.03941    0.4372    0.0223
   400/499     12.5G   0.02763   0.07656   0.00376     0.108       389      1376    0.6359    0.5375    0.5524    0.3288   0.03941    0.4375   0.02229
   401/499     12.5G   0.02752   0.07553  0.003766    0.1068       178      1376    0.6359    0.5375    0.5523    0.3289   0.03941    0.4377   0.02228
   402/499     12.5G   0.02752   0.07642  0.003687    0.1076       258      1376    0.6353     0.538    0.5523    0.3287   0.03941    0.4381   0.02227
   403/499     12.5G   0.02758    0.0754  0.003799    0.1068       125      1376    0.6331    0.5399    0.5523    0.3287   0.03941    0.4383   0.02226
   404/499     12.5G   0.02737   0.07653  0.003704    0.1076       261      1376    0.6335    0.5391    0.5523    0.3287   0.03941    0.4386   0.02225
   405/499     12.5G   0.02758   0.07611  0.003705    0.1074       149      1376    0.6333     0.539    0.5525    0.3288   0.03941    0.4389   0.02224
   406/499     12.5G   0.02758   0.07551  0.003718    0.1068       138      1376    0.6359    0.5374    0.5523    0.3287   0.03941    0.4392   0.02222
   407/499     12.5G   0.02756   0.07549  0.003753    0.1068       284      1376    0.6345    0.5388    0.5523    0.3286   0.03941    0.4395   0.02221
   408/499     12.5G   0.02735   0.07578  0.003659    0.1068       164      1376    0.6577    0.5245    0.5521    0.3285   0.03941    0.4398   0.02221
   409/499     12.5G   0.02737   0.07478   0.00372    0.1059       188      1376    0.6575    0.5245    0.5521    0.3285   0.03941    0.4401   0.02219
   410/499     12.5G   0.02745   0.07634  0.003633    0.1074       405      1376    0.6406    0.5344    0.5522    0.3285   0.03941    0.4403   0.02218
   411/499     12.5G   0.02756   0.07502   0.00372    0.1063       345      1376      0.65    0.5287    0.5524    0.3285   0.03941    0.4405   0.02217
   412/499     12.5G   0.02758   0.07484   0.00373    0.1061       271      1376    0.6461    0.5314    0.5525    0.3285   0.03941    0.4408   0.02216
   413/499     12.5G   0.02737   0.07579  0.003673    0.1068       243      1376    0.6505    0.5289    0.5524    0.3285   0.03941     0.441   0.02215
   414/499     12.5G   0.02738    0.0754  0.003639    0.1064        43      1376    0.6513    0.5284    0.5523    0.3285   0.03941    0.4413   0.02214
   415/499     12.5G   0.02749   0.07524  0.003757    0.1065       313      1376    0.6521     0.528    0.5522    0.3285   0.03941    0.4415   0.02214
   416/499     12.5G   0.02732   0.07426  0.003655    0.1052       495      1376    0.6534    0.5277    0.5523    0.3285   0.03941     0.442   0.02213
   417/499     12.5G   0.02742   0.07572   0.00365    0.1068       308      1376    0.6521    0.5281     0.552    0.3285   0.03941    0.4421   0.02212
   418/499     12.5G   0.02747   0.07594  0.003625     0.107       239      1376    0.6536    0.5272    0.5519    0.3285   0.03941    0.4423   0.02211
   419/499     12.5G   0.02724   0.07652  0.003649    0.1074       519      1376    0.6494    0.5297    0.5519    0.3284   0.03941    0.4426    0.0221
   420/499     12.5G   0.02734   0.07506  0.003596     0.106        76      1376    0.6551    0.5262    0.5519    0.3285   0.03941    0.4429   0.02209
   421/499     12.5G   0.02729   0.07485  0.003588    0.1057       380      1376    0.6563    0.5256    0.5516    0.3286   0.03942    0.4432   0.02208
   422/499     12.5G   0.02726   0.07417  0.003558     0.105       287      1376    0.6364    0.5378    0.5515    0.3285   0.03942    0.4434   0.02207
   423/499     12.5G   0.02741   0.07457  0.003603    0.1056       275      1376    0.6345     0.539    0.5515    0.3284   0.03942    0.4437   0.02206
   424/499     12.5G   0.02741   0.07479  0.003682    0.1059       131      1376    0.6312    0.5405    0.5515    0.3285   0.03942    0.4439   0.02206
   425/499     12.5G    0.0274   0.07469  0.003633    0.1057       256      1376    0.6303    0.5414    0.5516    0.3285   0.03942    0.4441   0.02205
   426/499     12.5G   0.02737    0.0739  0.003623    0.1049       637      1376    0.6298    0.5412    0.5515    0.3286   0.03942    0.4444   0.02204
   427/499     12.5G   0.02726   0.07497  0.003631    0.1059       316      1376    0.6295    0.5414    0.5515    0.3285   0.03943    0.4447   0.02204
   428/499     12.5G   0.02735   0.07624  0.003611    0.1072       341      1376    0.6286    0.5418    0.5513    0.3285   0.03943    0.4448   0.02203
   429/499     12.5G   0.02728   0.07527  0.003535    0.1061       244      1376    0.6298     0.541    0.5512    0.3285   0.03943     0.445   0.02203
   430/499     12.5G   0.02718   0.07468  0.003508    0.1054       197      1376    0.6591     0.523    0.5515    0.3285   0.03943    0.4453   0.02202
   431/499     12.5G   0.02702   0.07308  0.003505    0.1036       143      1376    0.6603    0.5226    0.5515    0.3283   0.03943    0.4456   0.02201
   432/499     12.5G     0.027   0.07499  0.003475    0.1055       313      1376    0.6593    0.5231    0.5514    0.3284   0.03943    0.4459   0.02201
   433/499     1.68G   0.02713   0.07506  0.003559    0.1058       365      1376    0.6579    0.5239    0.5513    0.3283   0.03944    0.4461     0.022
   434/499      8.9G   0.02718   0.07573  0.003542    0.1065       360      1376    0.6431    0.5322    0.5513    0.3282   0.03944    0.4463   0.02199
   435/499     12.8G   0.02719   0.07443  0.003516    0.1051       339      1376    0.6304    0.5409    0.5512    0.3282   0.03945    0.4466   0.02199
   436/499     12.8G   0.02725   0.07458  0.003554    0.1054       419      1376    0.6313    0.5404    0.5511    0.3282   0.03945    0.4468   0.02198
   437/499     9.71G    0.0272   0.07474  0.003544    0.1055        51      1376    0.6319    0.5397    0.5509    0.3283   0.03945     0.447   0.02197
   438/499     9.71G    0.0272   0.07494  0.003512    0.1057       297      1376     0.632    0.5399    0.5508    0.3281   0.03944    0.4472   0.02196
   439/499     9.71G   0.02713   0.07484   0.00347    0.1054       139      1376    0.6328    0.5395    0.5507    0.3281   0.03944    0.4474   0.02195
   440/499     9.71G   0.02706   0.07287  0.003489    0.1034       153      1376    0.6315    0.5405    0.5505    0.3279   0.03944    0.4476   0.02194
   441/499     9.71G   0.02706   0.07442  0.003474     0.105       349      1376    0.6329    0.5397    0.5507    0.3282   0.03944    0.4477   0.02194
   442/499     9.71G   0.02722   0.07581  0.003507    0.1065       115      1376    0.6344    0.5385    0.5503    0.3281   0.03944    0.4479   0.02193
   443/499     9.71G   0.02712   0.07295  0.003483    0.1036       495      1376     0.632      0.54    0.5504    0.3281   0.03944    0.4481   0.02192
   444/499     9.71G   0.02709   0.07475  0.003469    0.1053       171      1376    0.6344    0.5378    0.5506    0.3281   0.03944    0.4483   0.02191
   445/499     9.88G   0.02709   0.07441  0.003488     0.105       238      1376    0.6356    0.5378    0.5506     0.328   0.03943    0.4485    0.0219
   446/499     9.88G   0.02719   0.07377  0.003537    0.1045       204      1376    0.6346     0.538    0.5506    0.3279   0.03943    0.4486    0.0219
   447/499     9.89G   0.02712   0.07388  0.003496    0.1045       400      1376    0.6349    0.5374    0.5503    0.3277   0.03944    0.4488    0.0219
   448/499     12.3G   0.02719   0.07538  0.003505    0.1061       337      1376    0.6378    0.5356    0.5503    0.3277   0.03944    0.4492   0.02189
   449/499     12.3G   0.02711   0.07318   0.00343    0.1037       143      1376    0.6322    0.5388    0.5503    0.3277   0.03944    0.4493   0.02189
   450/499     12.3G   0.02709   0.07391   0.00343    0.1044       189      1376    0.6332    0.5385    0.5504    0.3277   0.03944    0.4495   0.02188
   451/499     12.3G   0.02704   0.07323  0.003413    0.1037       220      1376    0.6327    0.5385    0.5502    0.3277   0.03944    0.4497   0.02188
   452/499     12.3G   0.02699   0.07446  0.003445    0.1049       163      1376    0.6328    0.5387    0.5504    0.3277   0.03944    0.4499   0.02187
   453/499     12.3G   0.02718    0.0737  0.003456    0.1043       257      1376    0.6322    0.5391    0.5501    0.3275   0.03944    0.4502   0.02186
   454/499     12.3G   0.02702   0.07413  0.003443    0.1046       380      1376    0.6331    0.5382    0.5501    0.3275   0.03943    0.4505   0.02186
   455/499     12.3G   0.02689   0.07188  0.003374    0.1021        65      1376     0.634    0.5376      0.55    0.3274   0.03944    0.4507   0.02185
   456/499     12.3G   0.02689   0.07247  0.003405    0.1028       158      1376    0.6353    0.5362    0.5498    0.3272   0.03944    0.4511   0.02184
   457/499     12.3G   0.02693   0.07344  0.003409    0.1038       324      1376     0.633    0.5376    0.5497     0.327   0.03944    0.4512   0.02184
   458/499     12.3G   0.02707   0.07357  0.003439    0.1041       310      1376    0.6332    0.5369    0.5496    0.3271   0.03944    0.4514   0.02183
   459/499     12.3G   0.02692   0.07431  0.003462    0.1047       299      1376     0.641    0.5321    0.5494    0.3269   0.03944    0.4515   0.02183
   460/499     12.3G   0.02717   0.07386  0.003482    0.1045        88      1376    0.6417    0.5312    0.5491    0.3268   0.03945    0.4517   0.02182
   461/499     12.3G   0.02692   0.07389  0.003437    0.1043       256      1376    0.6495    0.5262    0.5492    0.3266   0.03945    0.4519   0.02181
   462/499     12.3G   0.02705   0.07492  0.003434    0.1054       207      1376    0.6497    0.5263    0.5493    0.3267   0.03945     0.452   0.02181
   463/499     12.3G    0.0269   0.07288  0.003434    0.1032        79      1376    0.6483    0.5271    0.5493    0.3266   0.03945    0.4522    0.0218
   464/499     12.3G    0.0269   0.07424  0.003394    0.1045       211      1376    0.6476    0.5277    0.5496    0.3268   0.03945    0.4523    0.0218
   465/499     12.3G   0.02695   0.07461  0.003413     0.105       375      1376    0.6638    0.5181    0.5495    0.3267   0.03945    0.4525    0.0218
   466/499     12.3G   0.02689    0.0731  0.003427    0.1034       301      1376    0.6596    0.5203    0.5495    0.3266   0.03945    0.4526   0.02179
   467/499     12.3G   0.02686   0.07317  0.003365    0.1034       283      1376    0.6604      0.52    0.5495    0.3266   0.03945    0.4528   0.02179
   468/499     12.3G   0.02698   0.07359  0.003451     0.104       301      1376    0.6609    0.5205    0.5495    0.3265   0.03946    0.4531   0.02179
   469/499     12.3G   0.02686   0.07387  0.003368    0.1041       153      1376    0.6577    0.5221    0.5499    0.3266   0.03946    0.4532   0.02178
   470/499     12.3G   0.02698   0.07361  0.003414     0.104       206      1376    0.6545     0.524    0.5496    0.3265   0.03946    0.4534   0.02178
   471/499     12.3G   0.02699   0.07305  0.003397    0.1034       653      1376    0.6557    0.5232    0.5498    0.3265   0.03946    0.4536   0.02178
   472/499     12.3G   0.02689   0.07435  0.003397    0.1046        73      1376    0.6562    0.5226    0.5498    0.3266   0.03946    0.4538   0.02177
   473/499     12.3G     0.027   0.07396  0.003423    0.1044       172      1376    0.6151    0.5492    0.5498    0.3266   0.03946    0.4539   0.02177
   474/499     12.3G    0.0271    0.0745  0.003412     0.105       177      1376    0.6171    0.5481    0.5498    0.3265   0.03946     0.454   0.02176
   475/499     12.3G    0.0269   0.07286  0.003396    0.1032       248      1376    0.6211    0.5443    0.5494    0.3265   0.03946    0.4541   0.02176
   476/499     12.3G   0.02682   0.07306  0.003389    0.1033        64      1376     0.622    0.5443    0.5495    0.3264   0.03946    0.4543   0.02176
   477/499     12.3G   0.02689   0.07317  0.003317    0.1034       146      1376    0.6192    0.5461    0.5494    0.3264   0.03947    0.4544   0.02175
   478/499     12.3G   0.02687   0.07273   0.00337     0.103        77      1376    0.6597     0.521    0.5495    0.3263   0.03947    0.4545   0.02175
   479/499     12.3G   0.02677   0.07304  0.003325    0.1031        81      1376    0.6231    0.5439    0.5495    0.3263   0.03947    0.4547   0.02175
   480/499     12.3G    0.0268   0.07327  0.003329    0.1034       190      1376     0.622    0.5444    0.5496    0.3264   0.03947    0.4549   0.02175
   481/499     12.3G   0.02678   0.07311  0.003316    0.1032       226      1376    0.6215    0.5447    0.5496    0.3262   0.03947     0.455   0.02175
   482/499     12.3G   0.02675   0.07289  0.003312     0.103       528      1376    0.6212    0.5448    0.5491    0.3261   0.03947    0.4552   0.02175
   483/499     12.3G   0.02691   0.07222  0.003349    0.1025       255      1376    0.6377    0.5336    0.5492    0.3261   0.03948    0.4553   0.02175
   484/499     12.3G   0.02685   0.07362  0.003327    0.1038       303      1376    0.6387    0.5326    0.5491    0.3261   0.03948    0.4555   0.02174
   485/499     12.3G   0.02686   0.07361  0.003353    0.1038       310      1376    0.6137    0.5495     0.549    0.3261   0.03948    0.4557   0.02174
   486/499     12.3G   0.02682   0.07309  0.003361    0.1033       183      1376    0.6147    0.5491    0.5492    0.3261   0.03948    0.4559   0.02174
   487/499     12.3G   0.02688   0.07318  0.003353    0.1034       289      1376     0.612    0.5515    0.5493    0.3262   0.03948     0.456   0.02174
   488/499     12.3G   0.02693   0.07284  0.003367    0.1031        70      1376    0.6114     0.552    0.5492    0.3261   0.03948    0.4562   0.02174
   489/499     12.3G   0.02684   0.07304  0.003312    0.1032       243      1376    0.6117    0.5509    0.5491     0.326   0.03949    0.4564   0.02174
   490/499     12.3G   0.02679   0.07298   0.00332    0.1031       474      1376    0.6157    0.5479    0.5491    0.3261   0.03949    0.4565   0.02174
   491/499     12.3G   0.02677   0.07308  0.003311    0.1032       191      1376    0.6143    0.5485    0.5489    0.3259   0.03949    0.4568   0.02174
   492/499     12.3G   0.02665   0.07288    0.0033    0.1028       325      1376    0.6211    0.5438    0.5488     0.326   0.03949     0.457   0.02174
   493/499     12.3G   0.02677   0.07278  0.003258    0.1028        59      1376      0.62    0.5444    0.5487     0.326    0.0395    0.4572   0.02174
   494/499     12.3G   0.02681   0.07229   0.00332    0.1024       500      1376    0.6208    0.5433    0.5484     0.326    0.0395    0.4574   0.02174
   495/499     12.3G   0.02681    0.0727  0.003322    0.1028       229      1376    0.6093     0.552    0.5484    0.3258    0.0395    0.4576   0.02175
   496/499     12.3G   0.02679   0.07312  0.003336    0.1032       370      1376    0.6133    0.5489    0.5485    0.3259    0.0395     0.458   0.02175
   497/499     12.3G   0.02674   0.07188  0.003297    0.1019       218      1376    0.6111    0.5511    0.5479    0.3255   0.03951    0.4582   0.02175
   498/499     12.3G   0.02669   0.07178  0.003274    0.1017       100      1376    0.6127    0.5504    0.5478    0.3255   0.03952    0.4584   0.02175
   499/499     12.3G   0.02679   0.07234  0.003359    0.1025       334      1376    0.6131    0.5497    0.5479    0.3256   0.03952    0.4586   0.02176
